	C	M	F	I	L	V	W	Y	A	G	T	S	Q	N	E	D	H	R	K	P
C	-1.19	-0.61	-0.67	-0.64	-0.65	-0.59	-0.66	-0.39	-0.33	-0.31	-0.15	-0.13	-0.07	-0.01	0.2	0.12	-0.36	0.08	0.33	-0.18
M		-0.7	-0.83	-0.66	-0.7	-0.51	-0.73	-0.56	-0.27	-0.17	-0.11	0.05	-0.06	0.04	0.12	0.3	-0.29	0.03	0.29	-0.13
F			-0.88	-0.73	-0.8	-0.67	-0.68	-0.58	-0.36	-0.19	-0.15	-0.12	-0.11	-0.01	0.14	0.18	-0.34	-0.05	0.19	-0.19
I				-0.74	-0.81	-0.67	-0.6	-0.49	-0.37	-0.13	-0.15	0.03	-0.01	0.14	0.17	0.22	-0.13	0	0.24	-0.05
L					-0.84	-0.74	-0.62	-0.55	-0.38	-0.16	-0.15	-0.02	-0.04	0.04	0.17	0.27	-0.18	-0.04	0.22	-0.12
V						-0.65	-0.51	-0.38	-0.32	-0.15	-0.07	0.04	0.08	0.12	0.26	0.36	-0.06	0.08	0.29	-0.05
W							-0.64	-0.49	-0.27	-0.25	-0.02	-0.01	-0.02	-0.1	0	0.07	-0.37	-0.21	0.09	-0.37
Y								-0.45	-0.2	-0.22	-0.09	-0.08	-0.14	-0.11	-0.08	-0.07	-0.3	-0.25	-0.05	-0.25
A									-0.12	-0.08	0.04	0.1	0.22	0.15	0.38	0.27	0.07	0.24	0.41	0.15
G										-0.29	-0.04	-0.01	0.13	-0.01	0.32	0.11	0	0.09	0.29	0.02
T											0.03	0.04	0.12	0.04	0.16	0.11	-0.03	0.11	0.33	0.13
S												0.05	0.22	0.09	0.18	0.1	0.04	0.16	0.36	0.2
Q													0.2	0.06	0.27	0.24	0.15	0.09	0.28	0.17
N														-0.06	0.12	0.02	0	0.1	0.22	0.18
E															0.46	0.44	0	-0.22	-0.06	0.37
D																0.29	-0.1	-0.24	-0.01	0.33
H																	-0.4	0.05	0.38	0.01
R																		0.19	0.66	0.17
K																			0.76	0.47
P																				0.11
